1 2
0 1
2 2
1 2
2 2
1 0
2 2
2 0
67 53
30 45 43 5 15 13 9 12 38 18 7 8 62 26 14 35 51 33 36 54 60 16 52 22 59 56 57 37 39 64 19 0 11 50 47 53 42 27 67 34 25 21 29 48 28 1 31 2 10 55 63 61 58
54 54
46 35 13 27 3 47 5 53 17 30 20 7 15 36 22 23 40 50 33 8 32 29 49 21 0 38 12 37 45 54 43 34 28 39 42 52 10 11 4 16 41 26 19 51 44 24 25 6 9 18 31 14 2 1
17 16
6 3 5 17 0 14 13 16 10 2 9 15 1 7 4 11
31 3
1 26 19
78 53
4 77 8 12 69 74 7 34 39 3 0 60 17 71 14 44 10 9 25 54 43 55 56 6 67 22 68 62 47 28 63 75 29 37 70 66 53 24 45 21 18 41 58 72 46 76 35 42 78 30 11 48 52
1 2
1 0
34 23
8 0 20 4 19 24 31 27 12 14 34 25 33 29 6 13 11 5 26 22 15 1 28
18 7
17 16 14 12 9 15 3
4 2
2 1
28 9
10 28 8 12 13 25 3 5 7
73 66
24 72 61 62 43 16 64 68 53 11 0 29 2 4 14 54 55 21 6 7 35 56 70 44 34 32 47 9 63 69 67 15 12 27 52 59 65 17 49 18 46 33 22 20 25 58 45 10 50 36 23 51 73 38 3 41 13 1 28 8 19 71 30 48 60 39
5 2
2 3
26 4
2 16 26 24
51 24
47 41 45 40 46 10 33 49 19 12 6 51 3 26 7 14 23 21 18 25 0 31 30 28
52 3
46 2 0
14 13
10 11 13 9 8 5 3 2 4 6 12 0 14
36 10
21 14 19 20 8 15 1 3 23 6
1 2
1 0
57 31
37 19 7 0 56 33 21 46 8 40 29 53 20 9 25 36 44 39 32 52 10 6 45 14 15 48 26 35 1 22 55
75 17
36 55 56 41 60 63 38 35 12 26 43 7 64 47 42 48 74
60 10
24 34 44 6 31 21 20 29 57 28
41 24
6 21 1 37 28 7 16 22 15 3 0 36 13 29 34 17 12 33 2 30 10 40 41 18
38 32
10 32 7 2 19 29 4 13 16 28 17 31 6 21 15 36 38 3 37 18 0 34 26 5 35 23 11 1 27 22 14 30
60 18
53 20 44 9 1 54 50 39 36 60 12 28 45 38 32 47 41 26
10 3
8 0 3
9 8
7 0 3 8 5 9 4 2
70 12
56 24 55 37 52 40 20 10 3 11 66 49
41 11
17 26 40 27 9 16 39 29 37 41 13
33 14
33 2 29 14 17 27 15 23 6 32 18 28 22 4
43 9
37 34 7 25 32 24 2 13 29
26 16
7 0 18 4 14 20 9 10 5 25 3 8 16 24 12 21
14 13
5 1 12 14 3 0 11 8 6 13 10 9 7
21 7
21 14 0 1 10 3 13
55 34
31 52 53 44 2 40 6 1 49 51 27 47 36 4 22 7 42 25 11 30 33 13 0 55 50 34 35 54 16 8 12 24 19 9
44 18
9 10 42 39 16 19 8 21 20 35 7 18 40 37 43 0 5 34
49 28
10 15 30 19 45 40 0 7 3 14 33 26 41 39 25 1 47 8 46 22 9 43 5 34 6 28 24 35
46 32
32 19 34 24 3 36 39 33 22 18 46 10 0 8 28 21 25 11 7 43 14 1 27 6 29 15 30 23 20 13 9 31
72 72
45 31 0 37 66 17 18 72 36 60 35 15 48 71 44 58 20 16 24 51 14 8 49 50 1 29 53 61 54 30 32 41 46 56 10 38 26 70 6 57 22 4 63 42 21 55 9 34 65 3 33 52 13 69 64 12 27 68 39 59 43 11 28 25 7 40 23 47 67 5 2 62
13 2
12 7
85 56
20 67 3 60 37 11 12 17 56 68 22 64 59 5 84 41 78 85 73 65 53 38 46 70 26 28 10 27 2 6 69 81 57 72 32 79 18 82 39 74 0 62 7 58 61 50 33 40 21 35 9 36 4 75 30 43
19 16
9 8 18 17 14 11 12 2 1 7 19 6 5 16 0 3
48 46
10 43 27 46 15 34 47 4 17 38 6 8 16 7 28 0 48 30 3 44 29 35 1 24 9 45 25 5 13 41 40 26 36 19 11 20 39 18 42 21 32 14 22 37 23 12
42 37
27 11 3 34 31 40 19 1 23 41 35 15 4 14 12 30 20 37 2 13 24 39 36 28 32 29 25 7 17 16 6 38 9 21 10 22 33
69 13
7 53 24 41 65 20 13 58 47 43 50 39 22
24 12
6 0 13 18 8 9 19 23 17 10 11 5
63 3
1 18 60
39 18
29 23 7 4 28 33 14 37 30 27 10 35 11 9 18 2 8 15
83 3
33 58 43
11 8
6 9 4 2 1 5 11 8
67 9
54 40 34 39 26 28 56 16 19
9 9
5 3 4 9 8 7 6 0 2
58 28
57 17 47 32 12 16 44 48 30 19 22 3 29 27 35 0 25 40 15 9 23 41 21 45 52 18 24 6
19 6
11 7 14 17 2 10
77 60
40 76 23 17 39 57 38 14 16 5 26 32 30 25 70 11 63 3 2 68 49 73 37 31 45 10 24 12 64 15 46 48 77 9 43 33 71 4 27 19 65 54 36 53 0 47 44 50 21 59 75 58 74 66 42 13 28 1 60 6
5 4
1 5 2 0
7 3
0 1 4
12 3
9 11 10
74 73
72 29 47 2 5 27 53 14 50 21 24 25 36 55 16 57 61 0 48 39 66 56 40 41 28 69 71 62 58 65 13 32 20 7 54 6 23 43 4 30 73 37 3 64 70 35 60 46 49 11 44 42 52 22 9 19 1 68 59 34 63 18 51 31 12 38 26 10 45 67 17 8 33
11 2
5 2
27 26
11 19 5 2 25 12 1 13 3 21 15 26 8 0 18 4 20 16 7 22 24 14 27 9 10 23
4 4
3 0 4 2
58 20
42 16 9 39 58 32 52 21 45 34 44 25 0 43 12 41 24 36 35 49
31 22
29 31 18 19 26 14 16 17 27 12 8 23 13 15 20 9 22 21 0 1 24 3
60 32
35 11 19 54 16 30 31 2 36 50 18 6 38 0 10 9 47 12 17 20 14 49 40 39 27 8 3 26 57 42 45 53
13 13
6 7 0 1 8 4 11 13 5 2 9 10 12
74 3
38 61 22
24 2
0 13
0 0